0 -9 -8.6 -8.2 -7.8 -7.4 -7 -6.6 -6.2 -5.8 -5.4 -5 -4.6 -4.2 -3.8 -3.4 -3 -2.6 -2.2 -1.8 -1.4 -1 -0.6 -0.2 0.2 0.6 1 1.4 1.8 2.2 2.6 3
-84 7.50543870282976 7.721914767594 7.92575417527325 8.11546466251356 8.28259749913858 8.43512406933029 8.57335530234123 8.69651594155648 8.80388799572647 8.89482463846018 8.96851717876538 9.02485549578241 9.06356741867919 9.08464471081338 9.08762130138184 9.07233024987587 9.03924404060264 8.98859680182039 8.92069385123632 8.8354158159069 8.7335948269284 8.61616974249413 8.48299354457161 8.33497246409389 8.17268365976386 7.99653550939332 7.80746175599196 7.60617857427703 7.39348574865222 7.17169714212868 6.92945301214918
-82.5 9.5975630309624 9.89415059607675 10.1743391296054 10.4368150723437 10.6726101057144 10.8863678579584 11.0812506214615 11.2562005770166 11.4103369683361 11.5426568925763 11.6523823277256 11.7392662535039 11.8027635048728 11.8426951401683 11.8586540570613 11.8508369932245 11.819570761769 11.7650999917161 11.687883784701 11.5883433266906 11.4665888781439 11.3232922504515 11.1599332682913 10.9768534585997 10.7747524215134 10.5545022289106 10.3170889681248 10.063537255467 9.79474667500608 9.51305895192414 9.21099670663752
-81 13.9144650522191 14.3712431823568 14.814314698526 15.2315873322564 15.6144091028116 15.9603068440163 16.2773408459434 16.5641102685217 16.8194566598601 17.0408687453811 17.2281578928954 17.3805695649633 17.4975912392673 17.5787257377199 17.623553865259 17.6326882392452 17.6064469834976 17.5452973224784 17.4500428926374 17.3202486025545 17.1577881813628 16.9635763262703 16.7378539933259 16.4827719501855 16.1988516783706 15.8876168337093 15.5502431941403 15.187930953732 14.8018478542927 14.3946317227158 13.9667350474183
-79.5 22.0988216413341 22.8801540607877 23.6506513421563 24.3795708647208 25.058434824898 25.6717658945789 26.2352522102403 26.746633106935 27.2026249342201 27.6019518466081 27.9434299021051 28.226068915979 28.44901673078 28.6109558512917 28.7133355388553 28.7567226292912 28.7414986189117 28.6686382555475 28.5382405191058 28.3526404982267 28.1135192464923 27.8222199321118 27.4803912180767 27.0882369612345 26.6484428186454 26.1633497025903 25.6344707380009 25.0635197860315 24.4519211735274 23.8028134241195 23.1213055924766
-78 36.8196493875841 38.2404125416471 39.651823911039 40.9857130651951 42.2339853273404 43.3677264997308 44.4046936183501 45.3439278591847 46.1816739236255 46.9163169928987 47.5461779967682 48.070435224913 48.4880808815588 48.8000788466702 49.0079796720419 49.1135157457929 49.1181699965214 49.0238945289737 48.8329413029371 48.5487609517633 48.1739633441537 47.7107341349529 47.1605110329571 46.5259813773094 45.8096966538846 45.0140040439328 44.141914683028 43.1946491761181 42.1745434485837 41.0851103288837 39.9338240969576
-76.5 63.1616429355968 65.8359695284611 68.4883911469518 70.9953907411567 73.3339915842347 75.4692522820346 77.4047594688063 79.1465475419454 80.6938913382677 82.0446244762882 83.1985798098713 84.1570248218863 84.9201355015109 85.4939886745556 85.8837051866311 86.0947818316509 86.1316992389917 85.9973894681748 85.6994386880486 85.243024819652 84.6324718556263 83.8721180270287 82.9624624700818 81.9096201736211 80.7161768340708 79.3841570855204 77.914424350599 76.3072345436418 74.5669136413961 72.6951379274511 70.6984818326
-75 114.682039691618 120.138735972745 125.411553316845 130.40580122243 135.021592005683 139.217372212094 142.962232604821 146.292017695838 149.211129838336 151.72597742006 153.846860747662 155.582729721392 156.949282940245 157.966491950003 158.649180651624 159.01250326851 159.066790845652 158.82710780677 158.307588016995 157.517745661184 156.466496288031 155.156602808122 153.594604140817 151.785131793923 149.729150150608 147.42592913697 144.870711079649 142.059604502131 138.989665958567 135.656163047716 132.056740564958
-73.5 208.759537903289 219.744812484119 230.256147870573 240.089536195359 249.06093887256 257.118886568093 264.179148863342 270.347069273221 275.653830168454 280.139767340876 283.847111978187 286.818515582782 289.113216976761 290.777113223566 291.852890312876 292.375904409462 292.377052084364 291.892768173827 290.947517389626 289.561334716858 287.747509535833 285.512716791997 282.869026419611 279.816150107519 276.350251103555 272.459901392854 268.126291849305 263.335586376284 258.063249008996 252.280463050675 245.953668677195
-72 397.112795701591 419.784469655294 440.834855526806 460.271280835277 477.627063017255 492.868306415509 505.933055709894 517.034415918268 526.323463589468 533.947203116881 540.031318860345 544.742107755106 548.215947683563 550.57084484065 551.911940897253 552.314124461435 551.867511179389 550.636014899619 548.668760448614 546.003547941573 542.65622081486 538.652459969668 533.998518732099 528.688297562926 522.705041861614 516.007960985575 508.564564757848 500.320525709058 491.205205658887 481.133025657846 469.984098754581
-70.5 698.200370876153 738.551227043602 775.342802937599 808.886598536473 838.468499505287 863.981669714166 885.440973059921 903.19000955756 917.603823931619 928.990075521055 937.684827618017 944.030504547567 948.308955075875 950.767763403131 951.60571312199 951.001091854438 949.112875465902 946.05275641126 941.90606267288 936.724339532609 930.546402816105 923.403801676845 915.297008139511 906.208937267947 896.094954314686 884.897006353268 872.549364903828 858.950975199914 843.973676636444 827.444802490298 809.170175833736
-69 1138.32519777773 1205.05718904696 1265.06105457319 1318.78850831103 1365.52752638098 1404.75420358683 1436.64517611688 1461.77941487036 1481.00887904088 1494.99845505279 1504.5807762437 1510.42028960153 1513.09690670464 1513.09341598008 1510.76851383743 1506.47308375441 1500.4362834719 1492.82429310738 1483.75040793987 1473.26433704279 1461.43050806472 1448.25903518141 1433.73574980574 1417.81974769746 1400.4257062389 1381.49471068648 1360.91661271298 1338.54926036451 1314.21191433841 1287.64498488699 1258.62239570628
-67.5 1760.68731690145 1875.11456833708 1975.00477692531 2061.41832406336 2132.89433051146 2188.39618997188 2229.14141365637 2256.97032832498 2274.274503151 2283.21581916705 2285.65269753225 2283.04513530881 2276.51419347626 2266.85210926713 2254.66577186733 2240.35444653002 2224.15442553063 2206.19826371875 2186.5250115189 2165.15402243389 2142.07287869053 2117.23626407127 2090.58307960954 2062.01309806413 2031.44972106667 1998.80362508232 1963.95089831827 1926.73743617835 1886.93713181858 1844.31890802052 1798.61469912617
-66 2678.76705151268 2894.07412820756 3079.20695572274 3225.95511215073 3333.93149637263 3402.1356243823 3437.27480883081 3447.61186843321 3440.65389977709 3422.60877433038 3397.60663496077 3368.37393259997 3336.55397540407 3303.06298272995 3268.33815733174 3232.46888642018 3195.35962655002 3156.81927956702 3116.592198929 3074.4668018295 3030.23337608087 2983.70644856887 2934.74262385978 2883.17958924558 2828.95446234365 2771.99456967472 2712.21700694641 2649.52513516006 2583.74408711369 2514.73638211831 2442.27588827043
-64.5 4045.81311645469 4546.85877429508 4982.43797352146 5307.28121519466 5501.53530146079 5571.39987116351 5553.63380387766 5485.81589716157 5395.24721653316 5298.026282271 5201.64522163103 5109.02344263631 5020.80686818346 4936.46903823694 4855.21880310391 4775.82510660041 4696.97016455051 4617.48210361431 4536.43456286973 4452.95577453278 4366.48994953242 4276.63949438767 4183.19599025481 4086.20694163155 3985.46953639081 3881.10237874753 3773.27896846705 3662.19483896131 3548.08355091864 3430.7475441505 3310.08214353579
-63 5459.017998061 6573.00254246723 7761.85969297625 8826.8905009404 9563.89712597186 9839.79411119278 9760.45611640518 9514.55200774046 9228.69284996246 8952.03188561502 8698.85437493367 8468.3859812066 8254.5314216731 8054.07592731838 7865.89245951439 7684.80109656713 7505.87149837277 7325.49288106057 7142.24475420693 6954.42745725337 6762.23882452637 6564.9928891851 6361.8918656465 6152.43171306002 5937.39619485456 5718.89823687519 5498.27738362691 5276.18869240489 5051.44302385611 4826.23509370487 4601.38721431153
-61.5 5867.22908381811 7219.85655669522 8774.81305774996 10360.7579200533 11735.9856581348 12609.1945811531 12900.4269253408 12861.6720729675 12705.0302876584 12514.4437888562 12315.8068138449 12114.143337137 11911.6420586788 11701.3942870014 11463.0383092283 11191.7473967673 10918.4262439233 10641.0690599207 10354.6395767872 10064.818221522 9771.89993141517 9474.42810020516 9169.85855645544 8860.38476083474 8547.93112958665 8232.49061472885 7914.0042485295 7558.33442601493 7186.88286961114 6820.00504089696 6459.12270406487
-60 5757.64939924657 7035.07077364867 8580.82751051737 10196.913166404 11662.2081254631 12668.8375473598 13108.5703143124 13169.3200833633 13064.8183484247 12912.6041349886 12747.3443022147 12574.3106821496 12393.7424082953 12205.7234144262 12010.3827588525 11807.6242436119 11595.2490369439 11374.1318221072 11145.3850971214 10909.3783727309 10666.3981776055 10416.2053376727 10158.5158827054 9894.53707242639 9624.65507768111 9336.25650731784 9021.42734800507 8701.42050947629 8375.43513046773 8047.08718859376 7714.72821789892
-58.5 5489.53681279528 6710.98917960426 8180.18768866397 9804.62250937373 11339.6221020159 12482.8133896171 13051.3180037607 13181.7018144694 13100.704393447 12952.5651932429 12787.8428610066 12615.617693076 12436.5820901455 12250.5553075726 12057.4465321905 11857.3176746589 11650.1674022661 11436.0140281187 11214.8152214687 10986.5405424579 10751.325939711 10509.1867156835 10260.1299318663 10004.1008023073 9741.07045321668 9471.0961694032 9194.09007224556 8909.86297941664 8617.96912769147 8317.84239417989 8006.39107524841
-57 5222.36195783812 6384.84317680989 7799.50376139231 9404.32661243837 10980.9677176146 12253.2084931978 12964.7507667557 13183.0615297842 13136.0557909343 12996.7487639641 12833.9162028203 12662.8420602262 12485.0573937954 12300.3792364815 12108.7848495828 11910.2309777478 11704.7100057173 11492.1925792224 11272.6339552656 11046.1525707327 10812.7738722483 10572.5300581635 10325.4257157151 10071.4527269678 9810.75005408976 9543.34682067291 9269.23903296173 8988.30841379799 8700.2590591881 8404.66642352218 8100.56024332289
-55.5 4994.27372180623 6071.40162967809 7439.69741386453 9016.63734647139 10618.7852353205 11997.5604315926 12850.1658455873 13166.7353448962 13163.5197322167 13036.1544588281 12876.1389925268 12706.3632932889 12529.8506196111 12346.625903506 12156.5409769705 11959.540085421 11755.5391478784 11544.5339847586 11326.6017897476 11101.7574538528 10870.0240548901 10631.3687334832 10385.8273106606 10133.511248702 9874.47719972105 9608.75749145815 9336.31305727128 9057.09657743394 8770.99808201261 8477.60068307208 8176.10130524826
-54 4773.14855983207 5810.33392272451 7091.46087057278 8638.99294208085 10255.9108021633 11718.7831981167 12707.7209624234 13132.6741203338 13182.9042424195 13072.4250523652 12915.9572891816 12747.6316909419 12572.5089007677 12390.7426307228 12202.1560836185 12006.5867490308 11804.0713704936 11594.636904769 11378.2856110226 11155.0278081196 10924.7826262795 10687.6510360765 10443.6984955416 10192.9653690889 9935.50644086915 9671.26299794877 9400.33563561221 9122.73142702836 8838.32260035027 8546.74432905303 8247.21595661683
-52.5 4563.41832583329 5556.60832198028 6786.95090679113 8271.67238231733 9896.25398832423 11421.7553049564 12538.3948561073 13079.8129917759 13193.3538852804 13104.6591039485 12953.6562286808 12787.0964954504 12613.3834282184 12433.0501021417 12245.8309030197 12051.7533992966 11850.7754052367 11642.8868721646 11428.0650346542 11206.2279054623 10977.5091254043 10741.9325724809 10499.5286857669 10250.3141500132 9994.24894361449 9731.51120862707 9462.11053978723 9186.04690681408 8903.19922084705 8613.16963846733 8315.51709574779
-51 4386.14942913222 5309.54453780422 6498.03542338669 7929.19678794841 9544.17482740395 11111.9200758574 12344.2990419899 13007.4939530304 13193.948457913 13132.9624357317 12989.5455699611 12825.0229170502 12652.6355972205 12473.6302771147 12287.8929284338 12095.3144472544 11895.8497482308 11689.3905427774 11475.9794454292 11255.6699794607 11028.4773209358 10794.4229661309 10553.4461862557 10305.630667953 10051.0590941801 9789.82496816661 9521.91326609105 9247.25829245353 8965.8299081351 8677.42029814115 8381.56912238992
-49.5 4214.02398954946 5101.31282817747 6217.50612748057 7609.28172819263 9201.76185107341 10795.3615939318 12128.9072132413 12915.7223467927 13183.8079971471 13157.7576181902 13023.5680058059 12861.2456845694 12690.2400176165 12512.6449303359 12328.3671576849 12137.2211957926 11939.1030427474 11734.0853636142 11522.1664186344 11303.3500859089 11077.6135183539 10844.9095759016 10605.3687884872 10359.029330777 10105.9181500246 9846.11006372377 9579.51563308836 9306.26888688055 9026.32320194293 8739.48148957051 8445.28623523782
-48 4046.90769350578 4904.10541181094 5965.28989646847 7298.64682280982 8864.66637323235 10476.5632493288 11895.6634851878 12804.9291379688 13162.3899777151 13177.6995707922 13055.0637567075 12895.9804669322 12726.4391823159 12550.2218871361 12367.2435965875 12177.4271191683 11980.7591193545 11777.1963104076 11566.7353115274 11349.2471795142 11124.863493476 10893.611127414 10655.517384946 10410.6189234371 10158.8215680712 9900.32297411279 9635.14353564888 9363.31215324039 9084.80440177636 8799.35491275787 8506.62922857809
-46.5 3903.67602713767 4712.93827974425 5739.57852869818 7001.40405538212 8537.85103673553 10158.617401945 11642.9661036637 12669.1117415226 13124.8779387176 13190.602088314 13084.464705956 12929.3268272237 12761.1785200083 12586.1710880111 12404.5604745044 12216.1490195906 12020.8952661009 11818.650432616 11609.4738932633 11393.3985427644 11170.4324514566 10940.5946545697 10703.8114385769 10460.1822475319 10209.7758046856 9952.64775620028 9688.85071521396 9418.29841992641 9141.04934018594 8857.02668363567 8565.83359998855
-45 3769.92797515108 4537.6138957952 5521.05501844483 6745.8413730864 8221.41149394968 9847.61586090538 11381.2055434937 12515.5094924163 13073.8296419492 13196.7662104944 13111.4631195095 12960.9728861312 12794.4598935239 12620.7575908899 12440.4755090414 12253.3455634735 12059.3335390996 11858.436044377 11650.6407603406 11435.946095837 11214.2708769655 10985.6771932583 10750.2329599529 10507.9674785679 10258.9182294402 10003.0324899752 9740.46194760771 9471.21453739579 9195.3104692333 8912.6584843172 8622.83785583729
-43.5 3640.48271599897 4385.84020011282 5309.5446165036 6498.47022108227 7930.28949588702 9546.10647868068 11114.5875403185 12347.1947658491 13010.0943738276 13196.1158935574 13134.7902833366 12991.1674287366 12826.4950668829 12653.9799322146 12474.8581199748 12289.0143909998 12096.3332771484 11896.7778890772 11690.2350135473 11476.7489558422 11256.3713744991 11029.1166895769 10795.0060703744 10553.9771371877 10306.1153315941 10051.4862824954 9790.226933736 9522.27787285701 9247.58900789511 8966.13172534202 8677.67961955274
-42 3515.83303690832 4239.36118692863 5131.471000439 6259.70700881518 7657.96429848399 9255.29448892944 10846.7727016039 12167.3853946771 12935.0532153423 13188.9367061073 13156.182450207 13019.809634278 12857.0350538682 12685.7369421402 12507.8615036597 12323.3073667938 12131.8093049396 11933.418811153 11728.1330407968 11515.9505062621 11296.8755446242 11070.8152630679 10837.8623562455 10598.0764729758 10351.4963351756 10098.1331136831 9838.04247985643 9571.21888259975 9297.74501247512 9017.57003063313 8730.48705723424
-40.5 3411.87621647386 4097.82186301592 4964.43125658032 6036.865058883 7394.7910679524 8969.66381929077 10576.7067072605 11969.9895753756 12841.3848604278 13170.802025739 13172.9403917351 13046.5315147657 12886.3661936632 12716.3220579332 12539.5268394699 12356.0848820791 12165.8040666696 11968.6755604777 11764.6539329965 11553.605030996 11335.6584499994 11110.8268307182 10879.1296805373 10640.5943094545 10395.1296874104 10142.8877438345 9883.97295127226 9618.36973556063 9346.1161287011 9067.05312381696 8781.15833653578
-39 3311.89157035664 3969.00169615052 4803.76681279839 5847.15068000445 7141.64215778421 8694.90527762877 10312.1173379846 11765.7229606073 12735.9206629109 13144.323760458 13185.6148480159 13071.8788551292 12914.2953327634 12745.3900193557 12569.7503410624 12387.5021090004 12198.3902740174 12002.3464845458 11799.4126053102 11589.5828150338 11372.8570955439 11149.2034109797 10918.5864937668 10681.1292027243 10436.8645528305 10185.8315516633 9928.05046067092 9663.4946280659 9392.29081340685 9114.41774599914 8829.78099320874
-37.5 3215.45732156213 3857.01808713105 4648.80074620321 5664.16047441621 6913.64167553733 8429.86447143975 10053.8296237875 11558.5479646602 12622.8773001728 13111.9150208463 13195.135228999 13094.6035279071 12940.9584073177 12773.3781010778 12598.7693295275 12417.5299206755 12229.503812301 12034.6412974736 11832.8915336287 11624.1509214131 11408.4719521697 11185.9038899305 10956.4653268695 10720.1815536433 10476.9893212854 10226.981139745 9970.24183209737 9706.84441578568 9436.78293403121 9159.97159675019 8876.36060253817
-36 3123.07424641187 3749.73766900244 4514.12495585153 5488.84686363532 6708.58916115422 8175.9243337635 9803.41340504042 11344.0298436856 12493.8605942581 13067.0898991679 13198.3711967809 13116.1622384787 12966.2430727672 12799.9008239462 12626.3328171608 12446.1903492746 12259.2667178131 12065.4078065892 11864.6625119068 11657.0206493578 11442.4810897679 11221.0214142947 10992.5844231855 10757.2967961772 10515.1873119032 10266.295196211 10010.6221069075 9748.21145813984 9479.11986847944 9203.37399179363 8920.87977837355
-34.5 3041.5380612107 3646.48824127048 4393.05825990816 5320.11039861588 6511.22413307725 7945.36905342337 9562.83726201347 11130.6233339746 12358.5239075594 13015.4345442414 13197.4341729108 13134.3426938806 12990.2266652049 12825.3982774496 12652.7683879849 12473.5577268685 12287.6233934913 12094.8572611199 11895.2138916913 11688.5614893912 11474.9891863978 11254.5261890803 11027.1871551219 10792.9928254315 10551.858519126 10303.914555398 10049.212084883 9787.86963218425 9519.84111818154 9245.05316335951 8963.51382633039
-33 2967.70696162904 3548.03821368836 4277.61619814029 5176.86437978329 6323.01353028344 7730.68184204378 9333.86823717954 10920.2419778533 12218.4011026444 12957.737283654 13192.5253601442 13151.4345944939 13012.7515451887 12849.4177088029 12677.7884897737 12499.5930158295 12314.6299763074 12122.7794044512 11924.0568638814 11718.4390601815 11505.924741753 11286.4449674855 11060.0247985628 10826.7445533111 10586.6319921722 10339.7260545851 10085.9840583693 9825.53537388052 9558.39439889696 9284.60508540021 9004.1084857181
-31.5 2896.8532859708 3462.27859088449 4166.8228734737 5046.10083159804 6142.3672799389 7524.61690707697 9111.17927481688 10711.1526831926 12068.876042341 12888.9128050011 13180.7044714654 13165.359858884 13034.0706538363 12872.4644322252 12701.6937919742 12524.3440350724 12340.3263277457 12149.4903289671 11951.7377190993 11747.0054418121 11535.3779264838 11316.8572730257 11091.4539053373 10859.1370696521 10619.8994559638 10373.8649253277 10121.0693474668 9861.59399397062 9595.38749453775 9322.45209675507 9042.82600653838
-30 2829.63122839482 3385.0801013353 4061.70369765305 4922.03132384233 5987.12478775155 7329.08570695614 8898.94030080206 10510.4620245657 11922.1961232039 12819.3191221642 13167.2225812364 13177.7816276476 13053.6161934427 12894.0577399045 12724.2820139017 12547.8246401048 12364.6306362355 12174.6333162383 11977.7688105309 11774.012262347 11563.3219830325 11345.6409586743 11121.0740151942 10889.6410027147 10651.368590793 10406.2552001269 10154.2865036371 9895.60804518643 9630.25785980493 9358.26364528883 9079.5561336879
-28.5 2765.39688198974 3311.31241505615 3968.45707916239 4803.47200766796 5847.11492879068 7142.22767765213 8696.11176998707 10313.9098521538 11767.7547531356 12737.5816193468 13145.3913700898 13186.2529447742 13072.2978618945 12914.6401930579 12745.7041410166 12570.043841877 12387.7632928042 12198.6578491878 12002.595184635 11799.6425546695 11589.7945250662 11373.0508915137 11149.3773245379 10918.742460548 10681.2664748619 10436.9820047789 10185.9305105251 9928.11685764259 9663.54060179078 9392.32274360535 9114.43551466422
-27 2706.54937316785 3241.63056754697 3887.53497344179 4691.47713179773 5714.855297945 6973.35676548975 8504.50056080618 10127.4580174492 11619.553313519 12657.9115942023 13123.3279998174 13193.708740601 13088.7843074096 12933.9693534014 12765.941175947 12590.9980304434 12409.454834564 12221.1392758893 12025.9687887556 11823.8519020537 11614.7626368795 11398.7763485741 11175.901172747 10946.1556488406 10709.5078677819 10465.9706539174 10215.6599237367 9958.62480838461 9694.91336288529 9424.50195031177 9147.3531090439
-25.5 2655.77568760894 3175.45416861574 3810.68350289415 4585.76558234507 5589.24494864151 6826.425886023 8322.51337582241 9948.56716843068 11468.9803875414 12569.5580468826 13093.9400445113 13197.1910017285 13104.2251378393 12952.0744204305 12784.9872638655 12610.8541950583 12430.054646639 12242.4491934833 12047.9982503678 11846.6605743363 11638.427071172 11423.2067973356 11201.0506557242 10972.0233843756 10736.1482851467 10493.454770168 10243.8941472894 9987.55634295248 9724.55036805907 9454.88933235014 9178.57145438456
-24 2608.07860899001 3113.28701256689 3738.48734060157 4501.10668455475 5471.23933102346 6688.38802718682 8151.53532472866 9779.94921175421 11324.5357393096 12482.700463599 13063.7728337263 13199.3715175313 13118.7104945815 12969.0803847411 12802.824367611 12629.3305150087 12449.268407401 12262.4654350616 12068.6925018454 11868.0316996569 11660.4744263544 11446.0196962292 11224.6741077572 10996.3235710143 10761.1197733665 10519.0931549501 10270.2833858142 10014.7226878015 9752.3858772429 9483.37673614493 9207.71321406985
-22.5 2563.13280095445 3059.28060053453 3670.45259816072 4421.3262157536 5360.03018054947 6558.29774102694 7999.5745699574 9621.26736823569 11184.9195507861 12395.2296689033 13031.0622104344 13199.3910526161 13130.5180969685 12984.9310077683 12819.6318426375 12646.7400916845 12467.2914450947 12281.1227705111 12088.1144432992 11888.171084607 11681.2511056262 11467.4343042632 11246.7267352405 11019.1441135178 10784.6520750684 10543.2538612475 10295.0700636764 10040.1214355885 9778.53699180665 9510.21930898489 9235.17282343378
-21 2521.20866189959 3011.69014100513 3606.98787708727 4346.90285747459 5258.87683638265 6436.93430170421 7861.12474214074 9473.59012651537 11049.2272488733 12304.8624913475 12993.8624568257 13196.2308472054 13141.5363347475 12999.447193324 12835.1661262686 12662.9740430669 12484.1053000587 12298.5294510699 12106.1085245198 11906.815118232 11700.6254055636 11487.411471804 11267.2991199923 11040.3092793995 10806.4624008882 10565.7850488829 10318.192868667 10063.8192125012 9802.81387839323 9535.12263288542 9260.78250822749
-19.5 2482.09347233254 2967.28773556999 3547.77293857623 4277.46174833873 5176.91323460379 6323.68863612527 7731.93254666177 9335.78365471297 10922.6037699884 12220.536671946 12959.1523258279 13193.2843672069 13151.8197841428 13012.9926526312 12849.6082961387 12677.9533558197 12499.7377822388 12314.7717006271 12122.8983810298 11924.1593504851 11718.5250336356 11505.9940539859 11286.4946916695 11060.0579511023 10826.761392265 10586.632998948 10339.7117409083 10085.9340193505 9825.46607422266 9558.30940340331 9284.50417274214
-18 2445.93631325062 2926.24308609493 3496.11268232246 4213.27037951337 5101.14502279969 6218.99985456259 7612.49986146728 9207.15131576962 10802.5040025243 12136.1928816178 12921.3513931594 13187.5409817069 13160.274890377 13025.5147011515 12862.9589136019 12691.800414351 12514.0745908672 12329.6908496131 12138.4188988653 11940.192325647 11735.0713980428 11523.0545051048 11304.1452701127 11078.3135870487 10845.5257198545 10605.9047277203 10359.489150545 10106.2912860206 9846.40605942658 9579.74367756204 9306.43284850405
-16.5 2412.64014391256 2888.44639214172 3452.705025934 4154.15902890419 5031.37273520567 6122.59407679654 7502.51518611681 9087.75806639969 10689.5984943922 12053.6772165224 12882.2090791115 13179.9626368328 13167.2634574106 13036.6472568738 12875.25234102 12704.5510154962 12527.2762702351 12343.3556107097 12152.5940289449 11954.9558393525 11750.3076439782 11538.76414678 11320.3272351991 11095.0073425228 10862.8043270673 10623.6505098516 10377.7004750394 10124.9719583848 9865.57438750743 9599.48062287051 9326.62503982183
-15 2383.42090996618 2853.93738532374 3413.07340259062 4100.19030782017 4967.67054798568 6041.3301631249 7402.09708927567 8978.7484869822 10586.5107659287 11978.3369749706 12846.4712899025 13173.0437296888 13173.6439466175 13046.6819705218 12886.3291312315 12716.1915168011 12539.3286305767 12355.830490621 12165.4973982118 11968.3088193372 11764.2174514891 11553.1061557881 11335.1004647133 11110.2101441349 10878.4546055756 10639.8513865473 10394.3263332253 10142.0259831731 9883.03750875093 9617.37836791898 9345.05968776549
-13.5 2358.92446331319 2822.74131914974 3377.24664167653 4051.40322113164 4910.08442130095 5973.32011070458 7311.31828412764 8880.20153279052 10493.315724519 11910.2265167995 12814.1635200938 13166.7891179218 13179.4113600114 13055.7524512658 12896.3218165389 12726.6011705174 12550.2231619964 12367.1059743528 12177.1612933243 11980.3620864256 11776.671240391 11566.0703960554 11348.454510347 11123.9524992984 10892.5846387056 10654.3780541615 10409.3548786551 10157.4412468066 9898.82262264621 9633.54026554356 9361.60776125871
-12 2336.96049811887 2794.76994971033 3345.12288197024 4007.84333948405 4858.4490959181 5912.33718052657 7229.91748428565 8791.83342270672 10407.6316985716 11842.8087341265 12778.4216954326 13157.2035695156 13183.0720098806 13063.8857793107 12905.281717876 12735.9264950283 12559.8937761033 12377.2160797948 12187.6195085791 11991.1694520964 11787.8288115548 11577.592837649 11360.4281858333 11136.2743436578 10905.2540774732 10667.3943379897 10422.7301282887 10171.2626771269 9912.9767008325 9648.0317638848 9376.43695538341
-10.5 2317.65376655961 2770.18142130376 3316.88327862634 3975.04621705992 4813.05377932903 5858.72230216573 7158.34925582699 8714.13761287505 10332.0192243291 11782.7071371292 12746.1160470559 13148.2592188352 13186.0943865554 13071.0367352636 12913.1592490429 12744.1252500243 12568.3833735403 12386.0344582757 12196.8141749911 12000.6709588794 11797.6381662538 11587.7097450545 11370.8856942694 11147.1072348965 10916.3925332953 10678.8376646634 10434.4759386716 10183.3427177014 9925.42022354699 9660.77208057199 9389.47447909109
-9 2300.83110414733 2748.75529590986 3292.27469515582 3946.46491063949 4773.49139775832 5811.99460228288 7095.9717136355 8646.41710775648 10266.1128316297 11730.32000735 12717.9573133537 13140.463322455 13188.7290084505 13077.1416369475 12920.0250250279 12751.2709311639 12575.7825336556 12393.6914061584 12204.8046002204 12008.9520618227 11806.1875433645 11596.5271461926 11379.9706252408 11156.5254155569 10926.1002145188 10688.8110259294 10444.7129181229 10193.8419097167 9936.24283907611 9671.87586045318 9400.83716126743
-7.5 2286.71344602007 2730.7739780248 3271.62219537064 3922.47778286632 4740.28729609656 5772.77557219328 7043.61599137611 8589.57511817818 10210.7914932642 11686.3455580575 12694.3200945096 13133.918970784 13190.9400040993 13081.9610517763 12925.7875278119 12757.2683661815 12581.9927142911 12400.117576215 12211.4557976688 12015.9022891679 11813.3628773422 11603.9273995458 11387.5953928327 11164.3745901954 10934.2475946469 10697.1813172388 10453.3042984506 10202.6529796402 9945.27137419035 9681.19483647014 9410.37374579556
-6 2275.02209769583 2716.25361704888 3254.51947464966 3902.61355606129 4712.79052329306 5740.29724896774 7003.4993265347 8542.50058773611 10164.9749732747 11649.9256706338 12674.7433065416 13128.498461876 13192.7703312964 13085.9518589249 12930.5209680837 12762.2343735847 12587.134909752 12405.438920938 12216.963038982 12021.6321173143 11819.3042774885 11610.0550301999 11393.9089227694 11170.8739299104 10940.9688765266 10704.1121225521 10460.4181575444 10209.9491657445 9952.74833440544 9688.88714419251 9418.2703350265
-4.5 2266.082301178 2706.22152539241 3241.44295797378 3887.42585233841 4691.76799316975 5715.46579246944 6974.44668547974 8506.50817330969 10129.9422603067 11622.0762245911 12659.772018987 13124.3517578915 13194.1680279076 13089.0023058394 12934.0965208296 12766.0301795641 12591.0654934067 12409.506210821 12221.1726298791 12025.9838147291 11823.8457300632 11614.7388252019 11398.7348138454 11175.8418445382 10946.0786022644 10709.4097521248 10465.8555538323 10215.5256910259 9958.46456878501 9694.74006576611 9424.30669272083
-3 2259.517332867 2698.85465727328 3231.84126271094 3876.27417205417 4676.33275026045 5697.23329735592 6953.11348837692 8480.07814449599 10104.2149064844 11601.6228730877 12648.7755649412 13121.3048097727 13195.192716583 13091.2410244938 12936.7205644938 12768.8160421413 12593.9504303905 12412.491557864 12224.2623545363 12029.1780339548 11827.1792290123 11618.1768050391 11402.2770968682 11179.4883735706 10949.8292086628 10713.2982440934 10469.8465722867 10219.6191106426 9962.66117998946 9699.03620082115 9428.73734452112
-1.5 2255.75701051967 2694.63550144383 3226.34347159738 3869.89019613848 4667.49907527912 5686.80207353168 6940.91217511233 8464.96299788032 10089.4992441655 11589.9120454886 12642.4643425747 13119.5456158749 13195.7712948643 13092.5196277581 12938.2210846582 12770.4100037525 12595.6014509309 12414.1997435942 12226.0305432056 12031.0061362883 11829.0870013249 11620.1443525832 11404.3043278756 11181.5752489981 10951.9756049735 10715.5234475478 10472.130245048 10221.9613975777 9965.06417244367 9701.49485825523 9431.2732708878
0 2254.32555146678 2693.02961492046 3224.25161802158 3867.46250176093 4664.14294213954 5682.84748468175 6936.30272620268 8459.27416784063 10083.9776351391 11585.4721408359 12639.982279491 13118.8120359897 13195.9670670629 13092.9994534808 12938.7899679668 12771.0159341416 12596.2295834715 12414.8493404805 12226.7032284734 12031.7017029907 11829.8128201135 11620.8928902954 11405.0755625261 11182.369163427 10952.7921329968 10716.3698700366 10472.9986983105 10222.8521803143 9965.9794840857 9702.43019323698 9432.23825993074
1.5 2255.75701051967 2694.63550144383 3226.34347159738 3869.89019613848 4667.49907527912 5686.80207353168 6940.91217511233 8464.96299788032 10089.4992441655 11589.9120454886 12642.4643425747 13119.5456158749 13195.7712948643 13092.5196277581 12938.2210846582 12770.4100037525 12595.6014509309 12414.1997435942 12226.0305432056 12031.0061362883 11829.0870013249 11620.1443525832 11404.3043278756 11181.5752489981 10951.9756049735 10715.5234475478 10472.130245048 10221.9613975777 9965.06417244367 9701.49485825523 9431.2732708878
3 2259.517332867 2698.85465727328 3231.84126271094 3876.27417205417 4676.33275026045 5697.23329735592 6953.11348837692 8480.07814449599 10104.2149064844 11601.6228730877 12648.7755649412 13121.3048097727 13195.192716583 13091.2410244938 12936.7205644938 12768.8160421413 12593.9504303905 12412.491557864 12224.2623545363 12029.1780339548 11827.1792290123 11618.1768050391 11402.2770968682 11179.4883735706 10949.8292086628 10713.2982440934 10469.8465722867 10219.6191106426 9962.66117998946 9699.03620082115 9428.73734452112
4.5 2266.082301178 2706.22152539241 3241.44295797378 3887.42585233841 4691.76799316975 5715.46579246944 6974.44668547974 8506.50817330969 10129.9422603067 11622.0762245911 12659.772018987 13124.3517578915 13194.1680279076 13089.0023058394 12934.0965208296 12766.0301795641 12591.0654934067 12409.506210821 12221.1726298791 12025.9838147291 11823.8457300632 11614.7388252019 11398.7348138454 11175.8418445382 10946.0786022644 10709.4097521248 10465.8555538323 10215.5256910259 9958.46456878501 9694.74006576611 9424.30669272083
6 2275.02209769583 2716.25361704888 3254.51947464966 3902.61355606129 4712.79052329306 5740.29724896774 7003.4993265347 8542.50058773611 10164.9749732747 11649.9256706338 12674.7433065416 13128.498461876 13192.7703312964 13085.9518589249 12930.5209680837 12762.2343735847 12587.134909752 12405.438920938 12216.963038982 12021.6321173143 11819.3042774885 11610.0550301999 11393.9089227694 11170.8739299104 10940.9688765266 10704.1121225521 10460.4181575444 10209.9491657445 9952.74833440544 9688.88714419251 9418.2703350265
7.5 2286.71344602007 2730.7739780248 3271.62219537064 3922.47778286632 4740.28729609656 5772.77557219328 7043.61599137611 8589.57511817818 10210.7914932642 11686.3455580575 12694.3200945096 13133.918970784 13190.9400040993 13081.9610517763 12925.7875278119 12757.2683661815 12581.9927142911 12400.117576215 12211.4557976688 12015.9022891679 11813.3628773422 11603.9273995458 11387.5953928327 11164.3745901954 10934.2475946469 10697.1813172388 10453.3042984506 10202.6529796402 9945.27137419035 9681.19483647014 9410.37374579556
9 2300.83110414733 2748.75529590986 3292.27469515582 3946.46491063949 4773.49139775832 5811.99460228288 7095.9717136355 8646.41710775648 10266.1128316297 11730.32000735 12717.9573133537 13140.463322455 13188.7290084505 13077.1416369475 12920.0250250279 12751.2709311639 12575.7825336556 12393.6914061584 12204.8046002204 12008.9520618227 11806.1875433645 11596.5271461926 11379.9706252408 11156.5254155569 10926.1002145188 10688.8110259294 10444.7129181229 10193.8419097167 9936.24283907611 9671.87586045318 9400.83716126743
10.5 2317.65376655961 2770.18142130376 3316.88327862634 3975.04621705992 4813.05377932903 5858.72230216573 7158.34925582699 8714.13761287505 10332.0192243291 11782.7071371292 12746.1160470559 13148.2592188352 13186.0943865554 13071.0367352636 12913.1592490429 12744.1252500243 12568.3833735403 12386.0344582757 12196.8141749911 12000.6709588794 11797.6381662538 11587.7097450545 11370.8856942694 11147.1072348965 10916.3925332953 10678.8376646634 10434.4759386716 10183.3427177014 9925.42022354699 9660.77208057199 9389.47447909109
12 2336.96049811887 2794.76994971033 3345.12288197024 4007.84333948405 4858.4490959181 5912.33718052657 7229.91748428565 8791.83342270672 10407.6316985716 11842.8087341265 12778.4216954326 13157.2035695156 13183.0720098806 13063.8857793107 12905.281717876 12735.9264950283 12559.8937761033 12377.2160797948 12187.6195085791 11991.1694520964 11787.8288115548 11577.592837649 11360.4281858333 11136.2743436578 10905.2540774732 10667.3943379897 10422.7301282887 10171.2626771269 9912.9767008325 9648.0317638848 9376.43695538341
13.5 2358.92446331319 2822.74131914974 3377.24664167653 4051.40322113164 4910.08442130095 5973.32011070458 7311.31828412764 8880.20153279052 10493.315724519 11910.2265167995 12814.1635200938 13166.7891179218 13179.4113600114 13055.7524512658 12896.3218165389 12726.6011705174 12550.2231619964 12367.1059743528 12177.1612933243 11980.3620864256 11776.671240391 11566.0703960554 11348.454510347 11123.9524992984 10892.5846387056 10654.3780541615 10409.3548786551 10157.4412468066 9898.82262264621 9633.54026554356 9361.60776125871
15 2383.42090996618 2853.93738532374 3413.07340259062 4100.19030782017 4967.67054798568 6041.3301631249 7402.09708927567 8978.7484869822 10586.5107659287 11978.3369749706 12846.4712899025 13173.0437296888 13173.6439466175 13046.6819705218 12886.3291312315 12716.1915168011 12539.3286305767 12355.830490621 12165.4973982118 11968.3088193372 11764.2174514891 11553.1061557881 11335.1004647133 11110.2101441349 10878.4546055756 10639.8513865473 10394.3263332253 10142.0259831731 9883.03750875093 9617.37836791898 9345.05968776549
16.5 2412.64014391256 2888.44639214172 3452.705025934 4154.15902890419 5031.37273520567 6122.59407679654 7502.51518611681 9087.75806639969 10689.5984943922 12053.6772165224 12882.2090791115 13179.9626368328 13167.2634574106 13036.6472568738 12875.25234102 12704.5510154962 12527.2762702351 12343.3556107097 12152.5940289449 11954.9558393525 11750.3076439782 11538.76414678 11320.3272351991 11095.0073425228 10862.8043270673 10623.6505098516 10377.7004750394 10124.9719583848 9865.57438750743 9599.48062287051 9326.62503982183
18 2445.93631325062 2926.24308609493 3496.11268232246 4213.27037951337 5101.14502279969 6218.99985456259 7612.49986146728 9207.15131576962 10802.5040025243 12136.1928816178 12921.3513931594 13187.5409817069 13160.274890377 13025.5147011515 12862.9589136019 12691.800414351 12514.0745908672 12329.6908496131 12138.4188988653 11940.192325647 11735.0713980428 11523.0545051048 11304.1452701127 11078.3135870487 10845.5257198545 10605.9047277203 10359.489150545 10106.2912860206 9846.40605942658 9579.74367756204 9306.43284850405
19.5 2482.09347233254 2967.28773556999 3547.77293857623 4277.46174833873 5176.91323460379 6323.68863612527 7731.93254666177 9335.78365471297 10922.6037699884 12220.536671946 12959.1523258279 13193.2843672069 13151.8197841428 13012.9926526312 12849.6082961387 12677.9533558197 12499.7377822388 12314.7717006271 12122.8983810298 11924.1593504851 11718.5250336356 11505.9940539859 11286.4946916695 11060.0579511023 10826.761392265 10586.632998948 10339.7117409083 10085.9340193505 9825.46607422266 9558.30940340331 9284.50417274214
21 2521.20866189959 3011.69014100513 3606.98787708727 4346.90285747459 5258.87683638265 6436.93430170421 7861.12474214074 9473.59012651537 11049.2272488733 12304.8624913475 12993.8624568257 13196.2308472054 13141.5363347475 12999.447193324 12835.1661262686 12662.9740430669 12484.1053000587 12298.5294510699 12106.1085245198 11906.815118232 11700.6254055636 11487.411471804 11267.2991199923 11040.3092793995 10806.4624008882 10565.7850488829 10318.192868667 10063.8192125012 9802.81387839323 9535.12263288542 9260.78250822749
22.5 2563.13280095445 3059.28060053453 3670.45259816072 4421.3262157536 5360.03018054947 6558.29774102694 7999.5745699574 9621.26736823569 11184.9195507861 12395.2296689033 13031.0622104344 13199.3910526161 13130.5180969685 12984.9310077683 12819.6318426375 12646.7400916845 12467.2914450947 12281.1227705111 12088.1144432992 11888.171084607 11681.2511056262 11467.4343042632 11246.7267352405 11019.1441135178 10784.6520750684 10543.2538612475 10295.0700636764 10040.1214355885 9778.53699180665 9510.21930898489 9235.17282343378
24 2608.07860899001 3113.28701256689 3738.48734060157 4501.10668455475 5471.23933102346 6688.38802718682 8151.53532472866 9779.94921175421 11324.5357393096 12482.700463599 13063.7728337263 13199.3715175313 13118.7104945815 12969.0803847411 12802.824367611 12629.3305150087 12449.268407401 12262.4654350616 12068.6925018454 11868.0316996569 11660.4744263544 11446.0196962292 11224.6741077572 10996.3235710143 10761.1197733665 10519.0931549501 10270.2833858142 10014.7226878015 9752.3858772429 9483.37673614493 9207.71321406985
25.5 2655.77568760894 3175.45416861574 3810.68350289415 4585.76558234507 5589.24494864151 6826.425886023 8322.51337582241 9948.56716843068 11468.9803875414 12569.5580468826 13093.9400445113 13197.1910017285 13104.2251378393 12952.0744204305 12784.9872638655 12610.8541950583 12430.054646639 12242.4491934833 12047.9982503678 11846.6605743363 11638.427071172 11423.2067973356 11201.0506557242 10972.0233843756 10736.1482851467 10493.454770168 10243.8941472894 9987.55634295248 9724.55036805907 9454.88933235014 9178.57145438456
27 2706.54937316785 3241.63056754697 3887.53497344179 4691.47713179773 5714.855297945 6973.35676548975 8504.50056080618 10127.4580174492 11619.553313519 12657.9115942023 13123.3279998174 13193.708740601 13088.7843074096 12933.9693534014 12765.941175947 12590.9980304434 12409.454834564 12221.1392758893 12025.9687887556 11823.8519020537 11614.7626368795 11398.7763485741 11175.901172747 10946.1556488406 10709.5078677819 10465.9706539174 10215.6599237367 9958.62480838461 9694.91336288529 9424.50195031177 9147.3531090439
28.5 2765.39688198974 3311.31241505615 3968.45707916239 4803.47200766796 5847.11492879068 7142.22767765213 8696.11176998707 10313.9098521538 11767.7547531356 12737.5816193468 13145.3913700898 13186.2529447742 13072.2978618945 12914.6401930579 12745.7041410166 12570.043841877 12387.7632928042 12198.6578491878 12002.595184635 11799.6425546695 11589.7945250662 11373.0508915137 11149.3773245379 10918.742460548 10681.2664748619 10436.9820047789 10185.9305105251 9928.11685764259 9663.54060179078 9392.32274360535 9114.43551466422
30 2829.63122839482 3385.0801013353 4061.70369765305 4922.03132384233 5987.12478775155 7329.08570695614 8898.94030080206 10510.4620245657 11922.1961232039 12819.3191221642 13167.2225812364 13177.7816276476 13053.6161934427 12894.0577399045 12724.2820139017 12547.8246401048 12364.6306362355 12174.6333162383 11977.7688105309 11774.012262347 11563.3219830325 11345.6409586743 11121.0740151942 10889.6410027147 10651.368590793 10406.2552001269 10154.2865036371 9895.60804518643 9630.25785980493 9358.26364528883 9079.5561336879
31.5 2896.8532859708 3462.27859088449 4166.8228734737 5046.10083159804 6142.3672799389 7524.61690707697 9111.17927481688 10711.1526831926 12068.876042341 12888.9128050011 13180.7044714654 13165.359858884 13034.0706538363 12872.4644322252 12701.6937919742 12524.3440350724 12340.3263277457 12149.4903289671 11951.7377190993 11747.0054418121 11535.3779264838 11316.8572730257 11091.4539053373 10859.1370696521 10619.8994559638 10373.8649253277 10121.0693474668 9861.59399397062 9595.38749453775 9322.45209675507 9042.82600653838
33 2967.70696162904 3548.03821368836 4277.61619814029 5176.86437978329 6323.01353028344 7730.68184204378 9333.86823717954 10920.2419778533 12218.4011026444 12957.737283654 13192.5253601442 13151.4345944939 13012.7515451887 12849.4177088029 12677.7884897737 12499.5930158295 12314.6299763074 12122.7794044512 11924.0568638814 11718.4390601815 11505.924741753 11286.4449674855 11060.0247985628 10826.7445533111 10586.6319921722 10339.7260545851 10085.9840583693 9825.53537388052 9558.39439889696 9284.60508540021 9004.1084857181
34.5 3041.5380612107 3646.48824127048 4393.05825990816 5320.11039861588 6511.22413307725 7945.36905342337 9562.83726201347 11130.6233339746 12358.5239075594 13015.4345442414 13197.4341729108 13134.3426938806 12990.2266652049 12825.3982774496 12652.7683879849 12473.5577268685 12287.6233934913 12094.8572611199 11895.2138916913 11688.5614893912 11474.9891863978 11254.5261890803 11027.1871551219 10792.9928254315 10551.858519126 10303.914555398 10049.212084883 9787.86963218425 9519.84111818154 9245.05316335951 8963.51382633039
36 3123.07424641187 3749.73766900244 4514.12495585153 5488.84686363532 6708.58916115422 8175.9243337635 9803.41340504042 11344.0298436856 12493.8605942581 13067.0898991679 13198.3711967809 13116.1622384787 12966.2430727672 12799.9008239462 12626.3328171608 12446.1903492746 12259.2667178131 12065.4078065892 11864.6625119068 11657.0206493578 11442.4810897679 11221.0214142947 10992.5844231855 10757.2967961772 10515.1873119032 10266.295196211 10010.6221069075 9748.21145813984 9479.11986847944 9203.37399179363 8920.87977837355
37.5 3215.45732156213 3857.01808713105 4648.80074620321 5664.16047441621 6913.64167553733 8429.86447143975 10053.8296237875 11558.5479646602 12622.8773001728 13111.9150208463 13195.135228999 13094.6035279071 12940.9584073177 12773.3781010778 12598.7693295275 12417.5299206755 12229.503812301 12034.6412974736 11832.8915336287 11624.1509214131 11408.4719521697 11185.9038899305 10956.4653268695 10720.1815536433 10476.9893212854 10226.981139745 9970.24183209737 9706.84441578568 9436.78293403121 9159.97159675019 8876.36060253817
39 3311.89157035664 3969.00169615052 4803.76681279839 5847.15068000445 7141.64215778421 8694.90527762877 10312.1173379846 11765.7229606073 12735.9206629109 13144.323760458 13185.6148480159 13071.8788551292 12914.2953327634 12745.3900193557 12569.7503410624 12387.5021090004 12198.3902740174 12002.3464845458 11799.4126053102 11589.5828150338 11372.8570955439 11149.2034109797 10918.5864937668 10681.1292027243 10436.8645528305 10185.8315516633 9928.05046067092 9663.4946280659 9392.29081340685 9114.41774599914 8829.78099320874
40.5 3411.87621647386 4097.82186301592 4964.43125658032 6036.865058883 7394.7910679524 8969.66381929077 10576.7067072605 11969.9895753756 12841.3848604278 13170.802025739 13172.9403917351 13046.5315147657 12886.3661936632 12716.3220579332 12539.5268394699 12356.0848820791 12165.8040666696 11968.6755604777 11764.6539329965 11553.605030996 11335.6584499994 11110.8268307182 10879.1296805373 10640.5943094545 10395.1296874104 10142.8877438345 9883.97295127226 9618.36973556063 9346.1161287011 9067.05312381696 8781.15833653578
42 3515.83303690832 4239.36118692863 5131.471000439 6259.70700881518 7657.96429848399 9255.29448892944 10846.7727016039 12167.3853946771 12935.0532153423 13188.9367061073 13156.182450207 13019.809634278 12857.0350538682 12685.7369421402 12507.8615036597 12323.3073667938 12131.8093049396 11933.418811153 11728.1330407968 11515.9505062621 11296.8755446242 11070.8152630679 10837.8623562455 10598.0764729758 10351.4963351756 10098.1331136831 9838.04247985643 9571.21888259975 9297.74501247512 9017.57003063313 8730.48705723424
43.5 3640.48271599897 4385.84020011282 5309.5446165036 6498.47022108227 7930.28949588702 9546.10647868068 11114.5875403185 12347.1947658491 13010.0943738276 13196.1158935574 13134.7902833366 12991.1674287366 12826.4950668829 12653.9799322146 12474.8581199748 12289.0143909998 12096.3332771484 11896.7778890772 11690.2350135473 11476.7489558422 11256.3713744991 11029.1166895769 10795.0060703744 10553.9771371877 10306.1153315941 10051.4862824954 9790.226933736 9522.27787285701 9247.58900789511 8966.13172534202 8677.67961955274
45 3769.92797515108 4537.6138957952 5521.05501844483 6745.8413730864 8221.41149394968 9847.61586090538 11381.2055434937 12515.5094924163 13073.8296419492 13196.7662104944 13111.4631195095 12960.9728861312 12794.4598935239 12620.7575908899 12440.4755090414 12253.3455634735 12059.3335390996 11858.436044377 11650.6407603406 11435.946095837 11214.2708769655 10985.6771932583 10750.2329599529 10507.9674785679 10258.9182294402 10003.0324899752 9740.46194760771 9471.21453739579 9195.3104692333 8912.6584843172 8622.83785583729
46.5 3903.67602713767 4712.93827974425 5739.57852869818 7001.40405538212 8537.85103673553 10158.617401945 11642.9661036637 12669.1117415226 13124.8779387176 13190.602088314 13084.464705956 12929.3268272237 12761.1785200083 12586.1710880111 12404.5604745044 12216.1490195906 12020.8952661009 11818.650432616 11609.4738932633 11393.3985427644 11170.4324514566 10940.5946545697 10703.8114385769 10460.1822475319 10209.7758046856 9952.64775620028 9688.85071521396 9418.29841992641 9141.04934018594 8857.02668363567 8565.83359998855
48 4046.90769350578 4904.10541181094 5965.28989646847 7298.64682280982 8864.66637323235 10476.5632493288 11895.6634851878 12804.9291379688 13162.3899777151 13177.6995707922 13055.0637567075 12895.9804669322 12726.4391823159 12550.2218871361 12367.2435965875 12177.4271191683 11980.7591193545 11777.1963104076 11566.7353115274 11349.2471795142 11124.863493476 10893.611127414 10655.517384946 10410.6189234371 10158.8215680712 9900.32297411279 9635.14353564888 9363.31215324039 9084.80440177636 8799.35491275787 8506.62922857809
49.5 4214.02398954946 5101.31282817747 6217.50612748057 7609.28172819263 9201.76185107341 10795.3615939318 12128.9072132413 12915.7223467927 13183.8079971471 13157.7576181902 13023.5680058059 12861.2456845694 12690.2400176165 12512.6449303359 12328.3671576849 12137.2211957926 11939.1030427474 11734.0853636142 11522.1664186344 11303.3500859089 11077.6135183539 10844.9095759016 10605.3687884872 10359.029330777 10105.9181500246 9846.11006372377 9579.51563308836 9306.26888688055 9026.32320194293 8739.48148957051 8445.28623523782
51 4386.14942913222 5309.54453780422 6498.03542338669 7929.19678794841 9544.17482740395 11111.9200758574 12344.2990419899 13007.4939530304 13193.948457913 13132.9624357317 12989.5455699611 12825.0229170502 12652.6355972205 12473.6302771147 12287.8929284338 12095.3144472544 11895.8497482308 11689.3905427774 11475.9794454292 11255.6699794607 11028.4773209358 10794.4229661309 10553.4461862557 10305.630667953 10051.0590941801 9789.82496816661 9521.91326609105 9247.25829245353 8965.8299081351 8677.42029814115 8381.56912238992
52.5 4563.41832583329 5556.60832198028 6786.95090679113 8271.67238231733 9896.25398832423 11421.7553049564 12538.3948561073 13079.8129917759 13193.3538852804 13104.6591039485 12953.6562286808 12787.0964954504 12613.3834282184 12433.0501021417 12245.8309030197 12051.7533992966 11850.7754052367 11642.8868721646 11428.0650346542 11206.2279054623 10977.5091254043 10741.9325724809 10499.5286857669 10250.3141500132 9994.24894361449 9731.51120862707 9462.11053978723 9186.04690681408 8903.19922084705 8613.16963846733 8315.51709574779
54 4773.14855983207 5810.33392272451 7091.46087057278 8638.99294208085 10255.9108021633 11718.7831981167 12707.7209624234 13132.6741203338 13182.9042424195 13072.4250523652 12915.9572891816 12747.6316909419 12572.5089007677 12390.7426307228 12202.1560836185 12006.5867490308 11804.0713704936 11594.636904769 11378.2856110226 11155.0278081196 10924.7826262795 10687.6510360765 10443.6984955416 10192.9653690889 9935.50644086915 9671.26299794877 9400.33563561221 9122.73142702836 8838.32260035027 8546.74432905303 8247.21595661683
55.5 4994.27372180623 6071.40162967809 7439.69741386453 9016.63734647139 10618.7852353205 11997.5604315926 12850.1658455873 13166.7353448962 13163.5197322167 13036.1544588281 12876.1389925268 12706.3632932889 12529.8506196111 12346.625903506 12156.5409769705 11959.540085421 11755.5391478784 11544.5339847586 11326.6017897476 11101.7574538528 10870.0240548901 10631.3687334832 10385.8273106606 10133.511248702 9874.47719972105 9608.75749145815 9336.31305727128 9057.09657743394 8770.99808201261 8477.60068307208 8176.10130524826
57 5222.36195783812 6384.84317680989 7799.50376139231 9404.32661243837 10980.9677176146 12253.2084931978 12964.7507667557 13183.0615297842 13136.0557909343 12996.7487639641 12833.9162028203 12662.8420602262 12485.0573937954 12300.3792364815 12108.7848495828 11910.2309777478 11704.7100057173 11492.1925792224 11272.6339552656 11046.1525707327 10812.7738722483 10572.5300581635 10325.4257157151 10071.4527269678 9810.75005408976 9543.34682067291 9269.23903296173 8988.30841379799 8700.2590591881 8404.66642352218 8100.56024332289
58.5 5489.53681279528 6710.98917960426 8180.18768866397 9804.62250937373 11339.6221020159 12482.8133896171 13051.3180037607 13181.7018144694 13100.704393447 12952.5651932429 12787.8428610066 12615.617693076 12436.5820901455 12250.5553075726 12057.4465321905 11857.3176746589 11650.1674022661 11436.0140281187 11214.8152214687 10986.5405424579 10751.325939711 10509.1867156835 10260.1299318663 10004.1008023073 9741.07045321668 9471.0961694032 9194.09007224556 8909.86297941664 8617.96912769147 8317.84239417989 8006.39107524841
60 5757.64939924657 7035.07077364867 8580.82751051737 10196.913166404 11662.2081254631 12668.8375473598 13108.5703143124 13169.3200833633 13064.8183484247 12912.6041349886 12747.3443022147 12574.3106821496 12393.7424082953 12205.7234144262 12010.3827588525 11807.6242436119 11595.2490369439 11374.1318221072 11145.3850971214 10909.3783727309 10666.3981776055 10416.2053376727 10158.5158827054 9894.53707242639 9624.65507768111 9336.25650731784 9021.42734800507 8701.42050947629 8375.43513046773 8047.08718859376 7714.72821789892
61.5 5867.22908381811 7219.85655669522 8774.81305774996 10360.7579200533 11735.9856581348 12609.1945811531 12900.4269253408 12861.6720729675 12705.0302876584 12514.4437888562 12315.8068138449 12114.143337137 11911.6420586788 11701.3942870014 11463.0383092283 11191.7473967673 10918.4262439233 10641.0690599207 10354.6395767872 10064.818221522 9771.89993141517 9474.42810020516 9169.85855645544 8860.38476083474 8547.93112958665 8232.49061472885 7914.0042485295 7558.33442601493 7186.88286961114 6820.00504089696 6459.12270406487
63 5459.017998061 6573.00254246723 7761.85969297625 8826.8905009404 9563.89712597186 9839.79411119278 9760.45611640518 9514.55200774046 9228.69284996246 8952.03188561502 8698.85437493367 8468.3859812066 8254.5314216731 8054.07592731838 7865.89245951439 7684.80109656713 7505.87149837277 7325.49288106057 7142.24475420693 6954.42745725337 6762.23882452637 6564.9928891851 6361.8918656465 6152.43171306002 5937.39619485456 5718.89823687519 5498.27738362691 5276.18869240489 5051.44302385611 4826.23509370487 4601.38721431153
64.5 4045.81311645469 4546.85877429508 4982.43797352146 5307.28121519466 5501.53530146079 5571.39987116351 5553.63380387766 5485.81589716157 5395.24721653316 5298.026282271 5201.64522163103 5109.02344263631 5020.80686818346 4936.46903823694 4855.21880310391 4775.82510660041 4696.97016455051 4617.48210361431 4536.43456286973 4452.95577453278 4366.48994953242 4276.63949438767 4183.19599025481 4086.20694163155 3985.46953639081 3881.10237874753 3773.27896846705 3662.19483896131 3548.08355091864 3430.7475441505 3310.08214353579
66 2678.76705151268 2894.07412820756 3079.20695572274 3225.95511215073 3333.93149637263 3402.1356243823 3437.27480883081 3447.61186843321 3440.65389977709 3422.60877433038 3397.60663496077 3368.37393259997 3336.55397540407 3303.06298272995 3268.33815733174 3232.46888642018 3195.35962655002 3156.81927956702 3116.592198929 3074.4668018295 3030.23337608087 2983.70644856887 2934.74262385978 2883.17958924558 2828.95446234365 2771.99456967472 2712.21700694641 2649.52513516006 2583.74408711369 2514.73638211831 2442.27588827043
67.5 1760.68731690145 1875.11456833708 1975.00477692531 2061.41832406336 2132.89433051146 2188.39618997188 2229.14141365637 2256.97032832498 2274.274503151 2283.21581916705 2285.65269753225 2283.04513530881 2276.51419347626 2266.85210926713 2254.66577186733 2240.35444653002 2224.15442553063 2206.19826371875 2186.5250115189 2165.15402243389 2142.07287869053 2117.23626407127 2090.58307960954 2062.01309806413 2031.44972106667 1998.80362508232 1963.95089831827 1926.73743617835 1886.93713181858 1844.31890802052 1798.61469912617
69 1138.32519777773 1205.05718904696 1265.06105457319 1318.78850831103 1365.52752638098 1404.75420358683 1436.64517611688 1461.77941487036 1481.00887904088 1494.99845505279 1504.5807762437 1510.42028960153 1513.09690670464 1513.09341598008 1510.76851383743 1506.47308375441 1500.4362834719 1492.82429310738 1483.75040793987 1473.26433704279 1461.43050806472 1448.25903518141 1433.73574980574 1417.81974769746 1400.4257062389 1381.49471068648 1360.91661271298 1338.54926036451 1314.21191433841 1287.64498488699 1258.62239570628
70.5 698.200370876153 738.551227043602 775.342802937599 808.886598536473 838.468499505287 863.981669714166 885.440973059921 903.19000955756 917.603823931619 928.990075521055 937.684827618017 944.030504547567 948.308955075875 950.767763403131 951.60571312199 951.001091854438 949.112875465902 946.05275641126 941.90606267288 936.724339532609 930.546402816105 923.403801676845 915.297008139511 906.208937267947 896.094954314686 884.897006353268 872.549364903828 858.950975199914 843.973676636444 827.444802490298 809.170175833736
72 397.112795701591 419.784469655294 440.834855526806 460.271280835277 477.627063017255 492.868306415509 505.933055709894 517.034415918268 526.323463589468 533.947203116881 540.031318860345 544.742107755106 548.215947683563 550.57084484065 551.911940897253 552.314124461435 551.867511179389 550.636014899619 548.668760448614 546.003547941573 542.65622081486 538.652459969668 533.998518732099 528.688297562926 522.705041861614 516.007960985575 508.564564757848 500.320525709058 491.205205658887 481.133025657846 469.984098754581
73.5 208.759537903289 219.744812484119 230.256147870573 240.089536195359 249.06093887256 257.118886568093 264.179148863342 270.347069273221 275.653830168454 280.139767340876 283.847111978187 286.818515582782 289.113216976761 290.777113223566 291.852890312876 292.375904409462 292.377052084364 291.892768173827 290.947517389626 289.561334716858 287.747509535833 285.512716791997 282.869026419611 279.816150107519 276.350251103555 272.459901392854 268.126291849305 263.335586376284 258.063249008996 252.280463050675 245.953668677195
75 114.682039691618 120.138735972745 125.411553316845 130.40580122243 135.021592005683 139.217372212094 142.962232604821 146.292017695838 149.211129838336 151.72597742006 153.846860747662 155.582729721392 156.949282940245 157.966491950003 158.649180651624 159.01250326851 159.066790845652 158.82710780677 158.307588016995 157.517745661184 156.466496288031 155.156602808122 153.594604140817 151.785131793923 149.729150150608 147.42592913697 144.870711079649 142.059604502131 138.989665958567 135.656163047716 132.056740564958
76.5 63.1616429355968 65.8359695284611 68.4883911469518 70.9953907411567 73.3339915842347 75.4692522820346 77.4047594688063 79.1465475419454 80.6938913382677 82.0446244762882 83.1985798098713 84.1570248218863 84.9201355015109 85.4939886745556 85.8837051866311 86.0947818316509 86.1316992389917 85.9973894681748 85.6994386880486 85.243024819652 84.6324718556263 83.8721180270287 82.9624624700818 81.9096201736211 80.7161768340708 79.3841570855204 77.914424350599 76.3072345436418 74.5669136413961 72.6951379274511 70.6984818326
78 36.8196493875841 38.2404125416471 39.651823911039 40.9857130651951 42.2339853273404 43.3677264997308 44.4046936183501 45.3439278591847 46.1816739236255 46.9163169928987 47.5461779967682 48.070435224913 48.4880808815588 48.8000788466702 49.0079796720419 49.1135157457929 49.1181699965214 49.0238945289737 48.8329413029371 48.5487609517633 48.1739633441537 47.7107341349529 47.1605110329571 46.5259813773094 45.8096966538846 45.0140040439328 44.141914683028 43.1946491761181 42.1745434485837 41.0851103288837 39.9338240969576
79.5 22.0988216413341 22.8801540607877 23.6506513421563 24.3795708647208 25.058434824898 25.6717658945789 26.2352522102403 26.746633106935 27.2026249342201 27.6019518466081 27.9434299021051 28.226068915979 28.44901673078 28.6109558512917 28.7133355388553 28.7567226292912 28.7414986189117 28.6686382555475 28.5382405191058 28.3526404982267 28.1135192464923 27.8222199321118 27.4803912180767 27.0882369612345 26.6484428186454 26.1633497025903 25.6344707380009 25.0635197860315 24.4519211735274 23.8028134241195 23.1213055924766
81 13.9144650522191 14.3712431823568 14.814314698526 15.2315873322564 15.6144091028116 15.9603068440163 16.2773408459434 16.5641102685217 16.8194566598601 17.0408687453811 17.2281578928954 17.3805695649633 17.4975912392673 17.5787257377199 17.623553865259 17.6326882392452 17.6064469834976 17.5452973224784 17.4500428926374 17.3202486025545 17.1577881813628 16.9635763262703 16.7378539933259 16.4827719501855 16.1988516783706 15.8876168337093 15.5502431941403 15.187930953732 14.8018478542927 14.3946317227158 13.9667350474183
82.5 9.5975630309624 9.89415059607675 10.1743391296054 10.4368150723437 10.6726101057144 10.8863678579584 11.0812506214615 11.2562005770166 11.4103369683361 11.5426568925763 11.6523823277256 11.7392662535039 11.8027635048728 11.8426951401683 11.8586540570613 11.8508369932245 11.819570761769 11.7650999917161 11.687883784701 11.5883433266906 11.4665888781439 11.3232922504515 11.1599332682913 10.9768534585997 10.7747524215134 10.5545022289106 10.3170889681248 10.063537255467 9.79474667500608 9.51305895192414 9.21099670663752
84 7.50543870282976 7.721914767594 7.92575417527325 8.11546466251356 8.28259749913858 8.43512406933029 8.57335530234123 8.69651594155648 8.80388799572647 8.89482463846018 8.96851717876538 9.02485549578241 9.06356741867919 9.08464471081338 9.08762130138184 9.07233024987587 9.03924404060264 8.98859680182039 8.92069385123632 8.8354158159069 8.7335948269284 8.61616974249413 8.48299354457161 8.33497246409389 8.17268365976386 7.99653550939332 7.80746175599196 7.60617857427703 7.39348574865222 7.17169714212868 6.92945301214918
